""	"s1"	"s2"	"s3"	"s4"	"s5"	"s6"	"s7"	"s8"	"s9"	"s10"	"s11"	"s12"	"s13"	"s14"	"s15"	"s16"	"s17"	"s18"	"s19"	"s20"	"s21"	"s22"	"s23"	"s24"	"s25"	"s26"	"s27"	"s28"	"s29"	"s30"	"s31"	"s32"
"CL0"	0.05	0.05	0.05	0.05	0.05	0.05	0.05	0.05	0.05	0.05	0.05	0.05	0.05	0.05	0.05	0.05	0.05	0.05	0.05	0.05	0.05	0.05	0.05	0.05	0.05	0.05	0.05	0.05	0.05	0.05	0.05	0.05
"CP0"	0	0	0	0	0	0	0	0	0	0	0	0	0	0	0	0	0	0	0	0	0	0	0	0	0	0	0	0	0	0	0	0
"CR0"	0.05	0.05	0.05	0.05	0.05	0.05	0.05	0.05	0.05	0.05	0.05	0.05	0.05	0.05	0.05	0.05	0.05	0.05	0.05	0.05	0.05	0.05	0.05	0.05	0.05	0.05	0.05	0.05	0.05	0.05	0.05	0.05
"CW0"	0.05	0.05	0.05	0.05	0.05	0.05	0.05	0.05	0.05	0.05	0.05	0.05	0.05	0.05	0.05	0.05	0.05	0.05	0.05	0.05	0.05	0.05	0.05	0.05	0.05	0.05	0.05	0.05	0.05	0.05	0.05	0.05
"DVS0"	0	0	0	0	0	0	0	0	0	0	0	0	0	0	0	0	0	0	0	0	0	0	0	0	0	0	0	0	0	0	0	0
"CCONC"	0.47	0.47	0.47	0.47	0.47	0.47	0.47	0.47	0.47	0.47	0.47	0.47	0.47	0.47	0.47	0.47	0.47	0.47	0.47	0.47	0.47	0.47	0.47	0.47	0.47	0.47	0.47	0.47	0.47	0.47	0.47	0.47
"FNCLMIN"	0.82346081300786	0.82346081300786	0.82346081300786	0.82346081300786	0.82346081300786	0.82346081300786	0.82346081300786	0.82346081300786	0.82346081300786	0.82346081300786	0.82346081300786	0.82346081300786	0.82346081300786	0.82346081300786	0.82346081300786	0.82346081300786	0.82346081300786	0.82346081300786	0.82346081300786	0.82346081300786	0.82346081300786	0.82346081300786	0.82346081300786	0.82346081300786	0.82346081300786	0.82346081300786	0.82346081300786	0.82346081300786	0.82346081300786	0.82346081300786	0.82346081300786	0.82346081300786
"FSLAMIN"	0.7	0.7	0.7	0.7	0.7	0.7	0.7	0.7	0.7	0.7	0.7	0.7	0.7	0.7	0.7	0.7	0.7	0.7	0.7	0.7	0.7	0.7	0.7	0.7	0.7	0.7	0.7	0.7	0.7	0.7	0.7	0.7
"FTCLMIN"	0.502740557106353	0.502740557106353	0.502740557106353	0.502740557106353	0.502740557106353	0.502740557106353	0.502740557106353	0.502740557106353	0.502740557106353	0.502740557106353	0.502740557106353	0.502740557106353	0.502740557106353	0.502740557106353	0.502740557106353	0.502740557106353	0.502740557106353	0.502740557106353	0.502740557106353	0.502740557106353	0.502740557106353	0.502740557106353	0.502740557106353	0.502740557106353	0.502740557106353	0.502740557106353	0.502740557106353	0.502740557106353	0.502740557106353	0.502740557106353	0.502740557106353	0.502740557106353
"KEXT"	0.481821155983409	0.481821155983409	0.481821155983409	0.481821155983409	0.481821155983409	0.481821155983409	0.481821155983409	0.481821155983409	0.481821155983409	0.481821155983409	0.481821155983409	0.481821155983409	0.481821155983409	0.481821155983409	0.481821155983409	0.481821155983409	0.481821155983409	0.481821155983409	0.481821155983409	0.481821155983409	0.481821155983409	0.481821155983409	0.481821155983409	0.481821155983409	0.481821155983409	0.481821155983409	0.481821155983409	0.481821155983409	0.481821155983409	0.481821155983409	0.481821155983409	0.481821155983409
"KFLPAR"	0.55	0.55	0.55	0.55	0.55	0.55	0.55	0.55	0.55	0.55	0.55	0.55	0.55	0.55	0.55	0.55	0.55	0.55	0.55	0.55	0.55	0.55	0.55	0.55	0.55	0.55	0.55	0.55	0.55	0.55	0.55	0.55
"KNMIN"	0.0658141910460272	0.0658141910460272	0.0658141910460272	0.0658141910460272	0.0658141910460272	0.0658141910460272	0.0658141910460272	0.0658141910460272	0.0658141910460272	0.0658141910460272	0.0658141910460272	0.0658141910460272	0.0658141910460272	0.0658141910460272	0.0658141910460272	0.0658141910460272	0.0658141910460272	0.0658141910460272	0.0658141910460272	0.0658141910460272	0.0658141910460272	0.0658141910460272	0.0658141910460272	0.0658141910460272	0.0658141910460272	0.0658141910460272	0.0658141910460272	0.0658141910460272	0.0658141910460272	0.0658141910460272	0.0658141910460272	0.0658141910460272
"KNUPT"	0.00251573918394602	0.00251573918394602	0.00251573918394602	0.00251573918394602	0.00251573918394602	0.00251573918394602	0.00251573918394602	0.00251573918394602	0.00251573918394602	0.00251573918394602	0.00251573918394602	0.00251573918394602	0.00251573918394602	0.00251573918394602	0.00251573918394602	0.00251573918394602	0.00251573918394602	0.00251573918394602	0.00251573918394602	0.00251573918394602	0.00251573918394602	0.00251573918394602	0.00251573918394602	0.00251573918394602	0.00251573918394602	0.00251573918394602	0.00251573918394602	0.00251573918394602	0.00251573918394602	0.00251573918394602	0.00251573918394602	0.00251573918394602
"KRAININT"	0.182150693567537	0.182150693567537	0.182150693567537	0.182150693567537	0.182150693567537	0.182150693567537	0.182150693567537	0.182150693567537	0.182150693567537	0.182150693567537	0.182150693567537	0.182150693567537	0.182150693567537	0.182150693567537	0.182150693567537	0.182150693567537	0.182150693567537	0.182150693567537	0.182150693567537	0.182150693567537	0.182150693567537	0.182150693567537	0.182150693567537	0.182150693567537	0.182150693567537	0.182150693567537	0.182150693567537	0.182150693567537	0.182150693567537	0.182150693567537	0.182150693567537	0.182150693567537
"KSINKPPAR"	0.562419207362443	0.562419207362443	0.562419207362443	0.562419207362443	0.562419207362443	0.562419207362443	0.562419207362443	0.562419207362443	0.562419207362443	0.562419207362443	0.562419207362443	0.562419207362443	0.562419207362443	0.562419207362443	0.562419207362443	0.562419207362443	0.562419207362443	0.562419207362443	0.562419207362443	0.562419207362443	0.562419207362443	0.562419207362443	0.562419207362443	0.562419207362443	0.562419207362443	0.562419207362443	0.562419207362443	0.562419207362443	0.562419207362443	0.562419207362443	0.562419207362443	0.562419207362443
"NCLMAX"	0.0395910116029196	0.0395910116029196	0.0395910116029196	0.0395910116029196	0.0395910116029196	0.0395910116029196	0.0395910116029196	0.0395910116029196	0.0395910116029196	0.0395910116029196	0.0395910116029196	0.0395910116029196	0.0395910116029196	0.0395910116029196	0.0395910116029196	0.0395910116029196	0.0395910116029196	0.0395910116029196	0.0395910116029196	0.0395910116029196	0.0395910116029196	0.0395910116029196	0.0395910116029196	0.0395910116029196	0.0395910116029196	0.0395910116029196	0.0395910116029196	0.0395910116029196	0.0395910116029196	0.0395910116029196	0.0395910116029196	0.0395910116029196
"NCP"	0.0958239325381718	0.0958239325381718	0.0958239325381718	0.0958239325381718	0.0958239325381718	0.0958239325381718	0.0958239325381718	0.0958239325381718	0.0958239325381718	0.0958239325381718	0.0958239325381718	0.0958239325381718	0.0958239325381718	0.0958239325381718	0.0958239325381718	0.0958239325381718	0.0958239325381718	0.0958239325381718	0.0958239325381718	0.0958239325381718	0.0958239325381718	0.0958239325381718	0.0958239325381718	0.0958239325381718	0.0958239325381718	0.0958239325381718	0.0958239325381718	0.0958239325381718	0.0958239325381718	0.0958239325381718	0.0958239325381718	0.0958239325381718
"NCR"	0.0555139905604528	0.0555139905604528	0.0555139905604528	0.0555139905604528	0.0555139905604528	0.0555139905604528	0.0555139905604528	0.0555139905604528	0.0555139905604528	0.0555139905604528	0.0555139905604528	0.0555139905604528	0.0555139905604528	0.0555139905604528	0.0555139905604528	0.0555139905604528	0.0555139905604528	0.0555139905604528	0.0555139905604528	0.0555139905604528	0.0555139905604528	0.0555139905604528	0.0555139905604528	0.0555139905604528	0.0555139905604528	0.0555139905604528	0.0555139905604528	0.0555139905604528	0.0555139905604528	0.0555139905604528	0.0555139905604528	0.0555139905604528
"NCW"	0.0118672715153965	0.0118672715153965	0.0118672715153965	0.0118672715153965	0.0118672715153965	0.0118672715153965	0.0118672715153965	0.0118672715153965	0.0118672715153965	0.0118672715153965	0.0118672715153965	0.0118672715153965	0.0118672715153965	0.0118672715153965	0.0118672715153965	0.0118672715153965	0.0118672715153965	0.0118672715153965	0.0118672715153965	0.0118672715153965	0.0118672715153965	0.0118672715153965	0.0118672715153965	0.0118672715153965	0.0118672715153965	0.0118672715153965	0.0118672715153965	0.0118672715153965	0.0118672715153965	0.0118672715153965	0.0118672715153965	0.0118672715153965
"RAINdoyHI"	1000	1000	1000	1000	1000	1000	1000	1000	1000	1000	1000	1000	1000	1000	1000	1000	1000	1000	1000	1000	1000	1000	1000	1000	1000	1000	1000	1000	1000	1000	1000	1000
"RUBISC"	0.922339767502997	0.922339767502997	0.922339767502997	0.922339767502997	0.922339767502997	0.922339767502997	0.922339767502997	0.922339767502997	0.922339767502997	0.922339767502997	0.922339767502997	0.922339767502997	0.922339767502997	0.922339767502997	0.922339767502997	0.922339767502997	0.922339767502997	0.922339767502997	0.922339767502997	0.922339767502997	0.922339767502997	0.922339767502997	0.922339767502997	0.922339767502997	0.922339767502997	0.922339767502997	0.922339767502997	0.922339767502997	0.922339767502997	0.922339767502997	0.922339767502997	0.922339767502997
"SINKL"	4.67931104758838	4.67931104758838	4.67931104758838	4.67931104758838	4.67931104758838	4.67931104758838	4.67931104758838	4.67931104758838	4.67931104758838	4.67931104758838	4.67931104758838	4.67931104758838	4.67931104758838	4.67931104758838	4.67931104758838	4.67931104758838	4.67931104758838	4.67931104758838	4.67931104758838	4.67931104758838	4.67931104758838	4.67931104758838	4.67931104758838	4.67931104758838	4.67931104758838	4.67931104758838	4.67931104758838	4.67931104758838	4.67931104758838	4.67931104758838	4.67931104758838	4.67931104758838
"SINKPMAX"	31.9219234521599	31.9219234521599	31.9219234521599	31.9219234521599	31.9219234521599	31.9219234521599	31.9219234521599	31.9219234521599	31.9219234521599	31.9219234521599	31.9219234521599	31.9219234521599	31.9219234521599	31.9219234521599	31.9219234521599	31.9219234521599	31.9219234521599	31.9219234521599	31.9219234521599	31.9219234521599	31.9219234521599	31.9219234521599	31.9219234521599	31.9219234521599	31.9219234521599	31.9219234521599	31.9219234521599	31.9219234521599	31.9219234521599	31.9219234521599	31.9219234521599	31.9219234521599
"SINKR"	17.61015528927	17.61015528927	17.61015528927	17.61015528927	17.61015528927	17.61015528927	17.61015528927	17.61015528927	17.61015528927	17.61015528927	17.61015528927	17.61015528927	17.61015528927	17.61015528927	17.61015528927	17.61015528927	17.61015528927	17.61015528927	17.61015528927	17.61015528927	17.61015528927	17.61015528927	17.61015528927	17.61015528927	17.61015528927	17.61015528927	17.61015528927	17.61015528927	17.61015528927	17.61015528927	17.61015528927	17.61015528927
"SINKW"	3.41850859189568	3.41850859189568	3.41850859189568	3.41850859189568	3.41850859189568	3.41850859189568	3.41850859189568	3.41850859189568	3.41850859189568	3.41850859189568	3.41850859189568	3.41850859189568	3.41850859189568	3.41850859189568	3.41850859189568	3.41850859189568	3.41850859189568	3.41850859189568	3.41850859189568	3.41850859189568	3.41850859189568	3.41850859189568	3.41850859189568	3.41850859189568	3.41850859189568	3.41850859189568	3.41850859189568	3.41850859189568	3.41850859189568	3.41850859189568	3.41850859189568	3.41850859189568
"SLAMAX"	28	28	28	28	28	28	28	28	28	28	28	28	28	28	28	28	28	28	28	28	28	28	28	28	28	28	28	28	28	28	28	28
"TBEFOREP"	500	500	500	500	500	500	500	500	500	500	500	500	500	500	500	500	500	500	500	500	500	500	500	500	500	500	500	500	500	500	500	500
"TCLMAX"	650	650	650	650	650	650	650	650	650	650	650	650	650	650	650	650	650	650	650	650	650	650	650	650	650	650	650	650	650	650	650	650
"TCR"	431.907403062218	431.907403062218	431.907403062218	431.907403062218	431.907403062218	431.907403062218	431.907403062218	431.907403062218	431.907403062218	431.907403062218	431.907403062218	431.907403062218	431.907403062218	431.907403062218	431.907403062218	431.907403062218	431.907403062218	431.907403062218	431.907403062218	431.907403062218	431.907403062218	431.907403062218	431.907403062218	431.907403062218	431.907403062218	431.907403062218	431.907403062218	431.907403062218	431.907403062218	431.907403062218	431.907403062218	431.907403062218
"TMATB"	8.29606625144306	8.29606625144306	8.29606625144306	8.29606625144306	8.29606625144306	8.29606625144306	8.29606625144306	8.29606625144306	8.29606625144306	8.29606625144306	8.29606625144306	8.29606625144306	8.29606625144306	8.29606625144306	8.29606625144306	8.29606625144306	8.29606625144306	8.29606625144306	8.29606625144306	8.29606625144306	8.29606625144306	8.29606625144306	8.29606625144306	8.29606625144306	8.29606625144306	8.29606625144306	8.29606625144306	8.29606625144306	8.29606625144306	8.29606625144306	8.29606625144306	8.29606625144306
"TMATT"	2891.03091975126	2891.03091975126	2891.03091975126	2891.03091975126	2891.03091975126	2891.03091975126	2891.03091975126	2891.03091975126	2891.03091975126	2891.03091975126	2891.03091975126	2891.03091975126	2891.03091975126	2891.03091975126	2891.03091975126	2891.03091975126	2891.03091975126	2891.03091975126	2891.03091975126	2891.03091975126	2891.03091975126	2891.03091975126	2891.03091975126	2891.03091975126	2891.03091975126	2891.03091975126	2891.03091975126	2891.03091975126	2891.03091975126	2891.03091975126	2891.03091975126	2891.03091975126
"TRANCO"	6.34919044286345	6.34919044286345	6.34919044286345	6.34919044286345	6.34919044286345	6.34919044286345	6.34919044286345	6.34919044286345	6.34919044286345	6.34919044286345	6.34919044286345	6.34919044286345	6.34919044286345	6.34919044286345	6.34919044286345	6.34919044286345	6.34919044286345	6.34919044286345	6.34919044286345	6.34919044286345	6.34919044286345	6.34919044286345	6.34919044286345	6.34919044286345	6.34919044286345	6.34919044286345	6.34919044286345	6.34919044286345	6.34919044286345	6.34919044286345	6.34919044286345	6.34919044286345
"YG"	0.699558834057912	0.699558834057912	0.699558834057912	0.699558834057912	0.699558834057912	0.699558834057912	0.699558834057912	0.699558834057912	0.699558834057912	0.699558834057912	0.699558834057912	0.699558834057912	0.699558834057912	0.699558834057912	0.699558834057912	0.699558834057912	0.699558834057912	0.699558834057912	0.699558834057912	0.699558834057912	0.699558834057912	0.699558834057912	0.699558834057912	0.699558834057912	0.699558834057912	0.699558834057912	0.699558834057912	0.699558834057912	0.699558834057912	0.699558834057912	0.699558834057912	0.699558834057912
"BETA"	0.63426110627441	0.63426110627441	0.63426110627441	0.63426110627441	0.63426110627441	0.63426110627441	0.63426110627441	0.63426110627441	0.63426110627441	0.63426110627441	0.63426110627441	0.63426110627441	0.63426110627441	0.63426110627441	0.63426110627441	0.63426110627441	0.7	0.7	0.7	0.7	0.63426110627441	0.63426110627441	0.63426110627441	0.63426110627441	0.63426110627441	0.63426110627441	0.63426110627441	0.63426110627441	0.63426110627441	0.63426110627441	0.63426110627441	0.63426110627441
"FNCLMINT"	0.334164390858205	0.334164390858205	0.334164390858205	0.334164390858205	0.334164390858205	0.334164390858205	0.334164390858205	0.334164390858205	0.334164390858205	0.334164390858205	0.334164390858205	0.334164390858205	0.334164390858205	0.334164390858205	0.334164390858205	0.334164390858205	0.4	0.4	0.4	0.4	0.334164390858205	0.334164390858205	0.334164390858205	0.334164390858205	0.334164390858205	0.334164390858205	0.334164390858205	0.334164390858205	0.334164390858205	0.334164390858205	0.334164390858205	0.334164390858205
"GAMMA"	0.54269476479814	0.54269476479814	0.54269476479814	0.54269476479814	0.54269476479814	0.54269476479814	0.54269476479814	0.54269476479814	0.54269476479814	0.54269476479814	0.54269476479814	0.54269476479814	0.54269476479814	0.54269476479814	0.54269476479814	0.54269476479814	0.5	0.5	0.5	0.5	0.54269476479814	0.54269476479814	0.54269476479814	0.54269476479814	0.54269476479814	0.54269476479814	0.54269476479814	0.54269476479814	0.54269476479814	0.54269476479814	0.54269476479814	0.54269476479814
"KEXTT"	0.463137114354044	0.463137114354044	0.463137114354044	0.463137114354044	0.463137114354044	0.463137114354044	0.463137114354044	0.463137114354044	0.463137114354044	0.463137114354044	0.463137114354044	0.463137114354044	0.463137114354044	0.463137114354044	0.463137114354044	0.463137114354044	0.7	0.7	0.7	0.7	0.463137114354044	0.463137114354044	0.463137114354044	0.463137114354044	0.463137114354044	0.463137114354044	0.463137114354044	0.463137114354044	0.463137114354044	0.463137114354044	0.463137114354044	0.463137114354044
"KNMINT"	0.00605742153774975	0.00605742153774975	0.00605742153774975	0.00605742153774975	0.00605742153774975	0.00605742153774975	0.00605742153774975	0.00605742153774975	0.00605742153774975	0.00605742153774975	0.00605742153774975	0.00605742153774975	0.00605742153774975	0.00605742153774975	0.00605742153774975	0.00605742153774975	0.005	0.005	0.005	0.005	0.00605742153774975	0.00605742153774975	0.00605742153774975	0.00605742153774975	0.00605742153774975	0.00605742153774975	0.00605742153774975	0.00605742153774975	0.00605742153774975	0.00605742153774975	0.00605742153774975	0.00605742153774975
"KNUPTT"	0.00141527832378367	0.00141527832378367	0.00141527832378367	0.00141527832378367	0.00141527832378367	0.00141527832378367	0.00141527832378367	0.00141527832378367	0.00141527832378367	0.00141527832378367	0.00141527832378367	0.00141527832378367	0.00141527832378367	0.00141527832378367	0.00141527832378367	0.00141527832378367	0.002	0.002	0.002	0.002	0.00141527832378367	0.00141527832378367	0.00141527832378367	0.00141527832378367	0.00141527832378367	0.00141527832378367	0.00141527832378367	0.00141527832378367	0.00141527832378367	0.00141527832378367	0.00141527832378367	0.00141527832378367
"KRAININTT"	0.25	0.25	0.25	0.25	0.25	0.25	0.25	0.25	0.25	0.25	0.25	0.25	0.25	0.25	0.25	0.25	0.25	0.25	0.25	0.25	0.25	0.25	0.25	0.25	0.25	0.25	0.25	0.25	0.25	0.25	0.25	0.25
"NCPT"	0.02	0.02	0.02	0.02	0.02	0.02	0.02	0.02	0.02	0.02	0.02	0.02	0.02	0.02	0.02	0.02	0.02	0.02	0.02	0.02	0.02	0.02	0.02	0.02	0.02	0.02	0.02	0.02	0.02	0.02	0.02	0.02
"NCRT"	0.0539008013518437	0.0539008013518437	0.0539008013518437	0.0539008013518437	0.0539008013518437	0.0539008013518437	0.0539008013518437	0.0539008013518437	0.0539008013518437	0.0539008013518437	0.0539008013518437	0.0539008013518437	0.0539008013518437	0.0539008013518437	0.0539008013518437	0.0539008013518437	0.035	0.035	0.035	0.035	0.0539008013518437	0.0539008013518437	0.0539008013518437	0.0539008013518437	0.0539008013518437	0.0539008013518437	0.0539008013518437	0.0539008013518437	0.0539008013518437	0.0539008013518437	0.0539008013518437	0.0539008013518437
"NCWT"	0.0127721454555414	0.0127721454555414	0.0127721454555414	0.0127721454555414	0.0127721454555414	0.0127721454555414	0.0127721454555414	0.0127721454555414	0.0127721454555414	0.0127721454555414	0.0127721454555414	0.0127721454555414	0.0127721454555414	0.0127721454555414	0.0127721454555414	0.0127721454555414	0.01	0.01	0.01	0.01	0.0127721454555414	0.0127721454555414	0.0127721454555414	0.0127721454555414	0.0127721454555414	0.0127721454555414	0.0127721454555414	0.0127721454555414	0.0127721454555414	0.0127721454555414	0.0127721454555414	0.0127721454555414
"SHADEPROJ"	1.2	1.2	1.2	1.2	1.2	1.2	1.2	1.2	1.2	1.2	1.2	1.2	1.2	1.2	1.2	1.2	1.2	1.2	1.2	1.2	1.2	1.2	1.2	1.2	1.2	1.2	1.2	1.2	1.2	1.2	1.2	1.2
"SHADETARGET"	-1	-1	-1	-1	-1	-1	-1	-1	-1	-1	-1	-1	-1	-1	-1	-1	-1	-1	-1	-1	-1	-1	-1	-1	-1	-1	-1	-1	-1	-1	-1	-1
"TCPTHARV"	300	300	300	300	300	300	300	300	300	300	300	300	300	300	300	300	300	300	300	300	300	300	300	300	300	300	300	300	300	300	300	300
"TDIFFMAX"	4	4	4	4	4	4	4	4	4	4	4	4	4	4	4	4	4	4	4	4	4	4	4	4	4	4	4	4	4	4	4	4
"TRANCOT"	3.78525744790664	3.78525744790664	3.78525744790664	3.78525744790664	3.78525744790664	3.78525744790664	3.78525744790664	3.78525744790664	3.78525744790664	3.78525744790664	3.78525744790664	3.78525744790664	3.78525744790664	3.78525744790664	3.78525744790664	3.78525744790664	2	2	2	2	3.78525744790664	3.78525744790664	3.78525744790664	3.78525744790664	3.78525744790664	3.78525744790664	3.78525744790664	3.78525744790664	3.78525744790664	3.78525744790664	3.78525744790664	3.78525744790664
"WOODDENS"	400	400	400	400	400	400	400	400	400	400	400	400	400	400	400	400	400	400	400	400	400	400	400	400	400	400	400	400	400	400	400	400
"CLITT0"	1	1	1	1	1	1	1	1	1	1	1	1	1	1	1	1	1	1	1	1	1	1	1	1	1	1	1	1	1	1	1	1
"CNLITT0"	10	10	10	10	10	10	10	10	10	10	10	10	10	10	10	10	10	10	10	10	10	10	10	10	10	10	10	10	10	10	10	10
"CNSOMF0"	10	10	10	10	10	10	10	10	10	10	10	10	10	10	10	10	10	10	10	10	10	10	10	10	10	10	10	10	10	10	10	10
"CNSOMS0"	10	10	10	10	10	10	10	10	10	10	10	10	10	10	10	10	10	10	10	10	10	10	10	10	10	10	10	10	10	10	10	10
"CSOM0"	10	10	10	10	10	10	10	10	10	10	10	10	10	10	10	10	10	10	20	20	20	20	20	20	20	20	20	20	20	20	20	20
"FCSOMF0"	0.718503341222966	0.718503341222966	0.718503341222966	0.718503341222966	0.718503341222966	0.718503341222966	0.718503341222966	0.718503341222966	0.718503341222966	0.718503341222966	0.718503341222966	0.718503341222966	0.718503341222966	0.718503341222966	0.718503341222966	0.718503341222966	0.718503341222966	0.718503341222966	0.293554752464006	0.293554752464006	0.293554752464006	0.293554752464006	0.293554752464006	0.293554752464006	0.293554752464006	0.293554752464006	0.293554752464006	0.293554752464006	0.293554752464006	0.293554752464006	0.293554752464006	0.293554752464006
"NMIN0"	0.001	0.001	0.001	0.001	0.001	0.001	0.001	0.001	0.001	0.001	0.001	0.001	0.001	0.001	0.001	0.001	0.001	0.001	0.001	0.001	0.001	0.001	0.001	0.001	0.001	0.001	0.001	0.001	0.001	0.001	0.001	0.001
"FLITTSOMF"	0.760120543369394	0.760120543369394	0.760120543369394	0.760120543369394	0.760120543369394	0.760120543369394	0.760120543369394	0.760120543369394	0.760120543369394	0.760120543369394	0.760120543369394	0.760120543369394	0.760120543369394	0.760120543369394	0.760120543369394	0.760120543369394	0.760120543369394	0.760120543369394	0.760120543369394	0.760120543369394	0.760120543369394	0.760120543369394	0.760120543369394	0.760120543369394	0.760120543369394	0.760120543369394	0.760120543369394	0.760120543369394	0.760120543369394	0.760120543369394	0.760120543369394	0.760120543369394
"FSOMFSOMS"	0.019687129946565	0.019687129946565	0.019687129946565	0.019687129946565	0.019687129946565	0.019687129946565	0.019687129946565	0.019687129946565	0.019687129946565	0.019687129946565	0.019687129946565	0.019687129946565	0.019687129946565	0.019687129946565	0.019687129946565	0.019687129946565	0.019687129946565	0.019687129946565	0.019687129946565	0.019687129946565	0.019687129946565	0.019687129946565	0.019687129946565	0.019687129946565	0.019687129946565	0.019687129946565	0.019687129946565	0.019687129946565	0.019687129946565	0.019687129946565	0.019687129946565	0.019687129946565
"FWCAD"	0.01	0.01	0.01	0.01	0.01	0.01	0.01	0.01	0.01	0.01	0.01	0.01	0.01	0.01	0.01	0.01	0.01	0.01	0.01	0.01	0.01	0.01	0.01	0.01	0.01	0.01	0.01	0.01	0.01	0.01	0.01	0.01
"FWCFC"	0.655777025863329	0.655777025863329	0.655777025863329	0.655777025863329	0.655777025863329	0.655777025863329	0.655777025863329	0.655777025863329	0.655777025863329	0.655777025863329	0.655777025863329	0.655777025863329	0.655777025863329	0.655777025863329	0.655777025863329	0.655777025863329	0.655777025863329	0.655777025863329	0.655777025863329	0.655777025863329	0.655777025863329	0.655777025863329	0.655777025863329	0.655777025863329	0.655777025863329	0.655777025863329	0.655777025863329	0.655777025863329	0.655777025863329	0.655777025863329	0.655777025863329	0.655777025863329
"FWCWET"	0.9	0.9	0.9	0.9	0.9	0.9	0.9	0.9	0.9	0.9	0.9	0.9	0.9	0.9	0.9	0.9	0.9	0.9	0.9	0.9	0.9	0.9	0.9	0.9	0.9	0.9	0.9	0.9	0.9	0.9	0.9	0.9
"FWCWP"	0.468598874515871	0.468598874515871	0.468598874515871	0.468598874515871	0.468598874515871	0.468598874515871	0.468598874515871	0.468598874515871	0.468598874515871	0.468598874515871	0.468598874515871	0.468598874515871	0.468598874515871	0.468598874515871	0.468598874515871	0.468598874515871	0.468598874515871	0.468598874515871	0.468598874515871	0.468598874515871	0.468598874515871	0.468598874515871	0.468598874515871	0.468598874515871	0.468598874515871	0.468598874515871	0.468598874515871	0.468598874515871	0.468598874515871	0.468598874515871	0.468598874515871	0.468598874515871
"KNEMIT"	0.000392174119889558	0.000392174119889558	0.000392174119889558	0.000392174119889558	0.000392174119889558	0.000392174119889558	0.000392174119889558	0.000392174119889558	0.000392174119889558	0.000392174119889558	0.000392174119889558	0.000392174119889558	0.000392174119889558	0.000392174119889558	0.000392174119889558	0.000392174119889558	0.000392174119889558	0.000392174119889558	0.000392174119889558	0.000392174119889558	0.000392174119889558	0.000392174119889558	0.000392174119889558	0.000392174119889558	0.000392174119889558	0.000392174119889558	0.000392174119889558	0.000392174119889558	0.000392174119889558	0.000392174119889558	0.000392174119889558	0.000392174119889558
"KRUNOFF"	0.5	0.5	0.5	0.5	0.5	0.5	0.5	0.5	0.5	0.5	0.5	0.5	0.5	0.5	0.5	0.5	0.5	0.5	0.5	0.5	0.5	0.5	0.5	0.5	0.5	0.5	0.5	0.5	0.5	0.5	0.5	0.5
"RNLEACH"	0.946954881378561	0.946954881378561	0.946954881378561	0.946954881378561	0.946954881378561	0.946954881378561	0.946954881378561	0.946954881378561	0.946954881378561	0.946954881378561	0.946954881378561	0.946954881378561	0.946954881378561	0.946954881378561	0.946954881378561	0.946954881378561	0.946954881378561	0.946954881378561	0.213675270375518	0.213675270375518	0.213675270375518	0.213675270375518	0.213675270375518	0.213675270375518	0.213675270375518	0.213675270375518	0.213675270375518	0.213675270375518	0.213675270375518	0.213675270375518	0.213675270375518	0.213675270375518
"ROOTD"	0.703073267961747	0.703073267961747	0.703073267961747	0.703073267961747	0.703073267961747	0.703073267961747	0.703073267961747	0.703073267961747	0.703073267961747	0.703073267961747	0.703073267961747	0.703073267961747	0.703073267961747	0.703073267961747	0.703073267961747	0.703073267961747	0.703073267961747	0.703073267961747	0.703073267961747	0.703073267961747	0.703073267961747	0.703073267961747	0.703073267961747	0.703073267961747	0.703073267961747	0.703073267961747	0.703073267961747	0.703073267961747	0.703073267961747	0.703073267961747	0.703073267961747	0.703073267961747
"RRUNBULK"	0.05	0.05	0.05	0.05	0.05	0.05	0.05	0.05	0.05	0.05	0.05	0.05	0.05	0.05	0.05	0.05	0.05	0.05	0.05	0.05	0.05	0.05	0.05	0.05	0.05	0.05	0.05	0.05	0.05	0.05	0.05	0.05
"SLOPE"	5	5	5	5	5	5	5	5	5	5	5	5	5	5	5	5	5	5	5	5	5	5	5	5	5	5	5	5	5	5	5	5
"TCLITT"	305.674187590363	305.674187590363	305.674187590363	305.674187590363	305.674187590363	305.674187590363	305.674187590363	305.674187590363	305.674187590363	305.674187590363	305.674187590363	305.674187590363	305.674187590363	305.674187590363	305.674187590363	305.674187590363	305.674187590363	305.674187590363	949.741244988274	949.741244988274	949.741244988274	949.741244988274	949.741244988274	949.741244988274	949.741244988274	949.741244988274	949.741244988274	949.741244988274	949.741244988274	949.741244988274	949.741244988274	949.741244988274
"TCSOMF"	3031.71683699807	3031.71683699807	3031.71683699807	3031.71683699807	3031.71683699807	3031.71683699807	3031.71683699807	3031.71683699807	3031.71683699807	3031.71683699807	3031.71683699807	3031.71683699807	3031.71683699807	3031.71683699807	3031.71683699807	3031.71683699807	3031.71683699807	3031.71683699807	8998.29491404227	8998.29491404227	8998.29491404227	8998.29491404227	8998.29491404227	8998.29491404227	8998.29491404227	8998.29491404227	8998.29491404227	8998.29491404227	8998.29491404227	8998.29491404227	8998.29491404227	8998.29491404227
"TCSOMS"	41171.4712144333	41171.4712144333	41171.4712144333	41171.4712144333	41171.4712144333	41171.4712144333	41171.4712144333	41171.4712144333	41171.4712144333	41171.4712144333	41171.4712144333	41171.4712144333	41171.4712144333	41171.4712144333	41171.4712144333	41171.4712144333	41171.4712144333	41171.4712144333	88979.8456448836	88979.8456448836	88979.8456448836	88979.8456448836	88979.8456448836	88979.8456448836	88979.8456448836	88979.8456448836	88979.8456448836	88979.8456448836	88979.8456448836	88979.8456448836	88979.8456448836	88979.8456448836
"WCST"	0.683704859480161	0.683704859480161	0.683704859480161	0.683704859480161	0.683704859480161	0.683704859480161	0.683704859480161	0.683704859480161	0.683704859480161	0.683704859480161	0.683704859480161	0.683704859480161	0.683704859480161	0.683704859480161	0.683704859480161	0.683704859480161	0.683704859480161	0.683704859480161	0.683704859480161	0.683704859480161	0.683704859480161	0.683704859480161	0.683704859480161	0.683704859480161	0.683704859480161	0.683704859480161	0.683704859480161	0.683704859480161	0.683704859480161	0.683704859480161	0.683704859480161	0.683704859480161
"CO2A"	400	400	400	400	400	400	400	400	400	400	400	400	400	400	400	400	400	400	400	400	400	400	400	400	400	400	400	400	400	400	400	400
"LAT"	9.89	9.89	9.89	9.89	9.89	9.89	9.89	9.89	9.89	9.89	9.89	9.89	9.89	9.89	9.89	9.89	9.89	9.89	11.9	11.9	11.9	11.9	11.9	11.9	11.9	11.9	11.9	11.9	11.9	11.9	11.9	11.9
"IOMULT"	1	1	1	1	1	1	1	1	1	1	1	1	1	1	1	1	1	1	1	1	1	1	1	1	1	1	1	1	1	1	1	1
"NFERTMULT"	1	1	1	1	1	1	1	1	1	1	1	1	1	1	1	1	1	1	1	1	1	1	1	1	1	1	1	1	1	1	1	1
"RAINMULT"	1	1	1	1	1	1	1	1	1	1	1	1	1	1	1	1	1	1	1	1	1	1	1	1	1	1	1	1	1	1	1	1
"TPLUS"	0	0	0	0	0	0	0	0	0	0	0	0	0	0	0	0	0	0	0	0	0	0	0	0	0	0	0	0	0	0	0	0
"FSINKPMAX0"	0.108150524306875	0.108150524306875	0.108150524306875	0.108150524306875	0.108150524306875	0.108150524306875	0.108150524306875	0.108150524306875	0.108150524306875	0.108150524306875	0.108150524306875	0.108150524306875	0.108150524306875	0.108150524306875	0.108150524306875	0.108150524306875	0.108150524306875	0.108150524306875	0.108150524306875	0.108150524306875	0.108150524306875	0.108150524306875	0.108150524306875	0.108150524306875	0.108150524306875	0.108150524306875	0.108150524306875	0.108150524306875	0.108150524306875	0.108150524306875	0.108150524306875	0.108150524306875
"KSINKPMAX"	0.760854826241275	0.760854826241275	0.760854826241275	0.760854826241275	0.760854826241275	0.760854826241275	0.760854826241275	0.760854826241275	0.760854826241275	0.760854826241275	0.760854826241275	0.760854826241275	0.760854826241275	0.760854826241275	0.760854826241275	0.760854826241275	0.760854826241275	0.760854826241275	0.760854826241275	0.760854826241275	0.760854826241275	0.760854826241275	0.760854826241275	0.760854826241275	0.760854826241275	0.760854826241275	0.760854826241275	0.760854826241275	0.760854826241275	0.760854826241275	0.760854826241275	0.760854826241275
"CBtree0(1)"	0.1	0.1	0.1	0.1	0.1	0.1	0.1	0.1	0.1	0.1	0.1	0.1	0.1	0.1	0.1	0.1	0.1	0.1	0.1	0.1	0.1	0.1	0.1	0.1	0.1	0.1	0.1	0.1	0.1	0.1	0.1	0.1
"CBtree0(2)"	0.1	0.1	0.1	0.1	0.1	0.1	0.1	0.1	0.1	0.1	0.1	0.1	0.1	0.1	0.1	0.1	0.1	0.1	0.1	0.1	0.1	0.1	0.1	0.1	0.1	0.1	0.1	0.1	0.1	0.1	0.1	0.1
"CBtree0(3)"	0.1	0.1	0.1	0.1	0.1	0.1	0.1	0.1	0.1	0.1	0.1	0.1	0.1	0.1	0.1	0.1	0.1	0.1	0.1	0.1	0.1	0.1	0.1	0.1	0.1	0.1	0.1	0.1	0.1	0.1	0.1	0.1
"CLtree0(1)"	0.1	0.1	0.1	0.1	0.1	0.1	0.1	0.1	0.1	0.1	0.1	0.1	0.1	0.1	0.1	0.1	0.1	0.1	0.1	0.1	0.1	0.1	0.1	0.1	0.1	0.1	0.1	0.1	0.1	0.1	0.1	0.1
"CLtree0(2)"	0.1	0.1	0.1	0.1	0.1	0.1	0.1	0.1	0.1	0.1	0.1	0.1	0.1	0.1	0.1	0.1	0.1	0.1	0.1	0.1	0.1	0.1	0.1	0.1	0.1	0.1	0.1	0.1	0.1	0.1	0.1	0.1
"CLtree0(3)"	0.1	0.1	0.1	0.1	0.1	0.1	0.1	0.1	0.1	0.1	0.1	0.1	0.1	0.1	0.1	0.1	0.1	0.1	0.1	0.1	0.1	0.1	0.1	0.1	0.1	0.1	0.1	0.1	0.1	0.1	0.1	0.1
"CRtree0(1)"	0.1	0.1	0.1	0.1	0.1	0.1	0.1	0.1	0.1	0.1	0.1	0.1	0.1	0.1	0.1	0.1	0.1	0.1	0.1	0.1	0.1	0.1	0.1	0.1	0.1	0.1	0.1	0.1	0.1	0.1	0.1	0.1
"CRtree0(2)"	0.1	0.1	0.1	0.1	0.1	0.1	0.1	0.1	0.1	0.1	0.1	0.1	0.1	0.1	0.1	0.1	0.1	0.1	0.1	0.1	0.1	0.1	0.1	0.1	0.1	0.1	0.1	0.1	0.1	0.1	0.1	0.1
"CRtree0(3)"	0.1	0.1	0.1	0.1	0.1	0.1	0.1	0.1	0.1	0.1	0.1	0.1	0.1	0.1	0.1	0.1	0.1	0.1	0.1	0.1	0.1	0.1	0.1	0.1	0.1	0.1	0.1	0.1	0.1	0.1	0.1	0.1
"CStree0(1)"	0.1	0.1	0.1	0.1	0.1	0.1	0.1	0.1	0.1	0.1	0.1	0.1	0.1	0.1	0.1	0.1	0.1	0.1	0.1	0.1	0.1	0.1	0.1	0.1	0.1	0.1	0.1	0.1	0.1	0.1	0.1	0.1
"CStree0(2)"	0.1	0.1	0.1	0.1	0.1	0.1	0.1	0.1	0.1	0.1	0.1	0.1	0.1	0.1	0.1	0.1	0.1	0.1	0.1	0.1	0.1	0.1	0.1	0.1	0.1	0.1	0.1	0.1	0.1	0.1	0.1	0.1
"CStree0(3)"	0.1	0.1	0.1	0.1	0.1	0.1	0.1	0.1	0.1	0.1	0.1	0.1	0.1	0.1	0.1	0.1	0.1	0.1	0.1	0.1	0.1	0.1	0.1	0.1	0.1	0.1	0.1	0.1	0.1	0.1	0.1	0.1
"FHARVBT(1)"	0	0	0	0	0	0	0	0	0	0	0	0	0	0	0	0	0	0	1	1	1	1	1	1	1	1	1	1	1	1	1	1
"FHARVBT(2)"	0	0	0	0	0	0	0	0	0	0	0	0	0	0	0	0	0	0	1	1	1	1	1	1	1	1	1	1	1	1	1	1
"FHARVBT(3)"	0	0	0	0	0	0	0	0	0	0	0	0	0	0	0	0	0	0	1	1	1	1	1	1	1	1	1	1	1	1	1	1
"FHARVLT(1)"	0	0	0	0	0	0	0	0	0	0	0	0	0	0	0	0	0	0	0	0	0	0	0	0	0	0	0	0	0	0	0	0
"FHARVLT(2)"	0	0	0	0	0	0	0	0	0	0	0	0	0	0	0	0	0	0	0	0	0	0	0	0	0	0	0	0	0	0	0	0
"FHARVLT(3)"	0	0	0	0	0	0	0	0	0	0	0	0	0	0	0	0	0	0	0	0	0	0	0	0	0	0	0	0	0	0	0	0
"FLTMAX(1)"	0.360715563651635	0.360715563651635	0.360715563651635	0.360715563651635	0.3	0.3	0.3	0.3	0.3	0.3	0.360715563651635	0.360715563651635	0.360715563651635	0.360715563651635	0.360715563651635	0.360715563651635	0.3	0.3	0.3	0.3	0.3	0.3	0.3	0.3	0.3	0.3	0.429490626834524	0.429490626834524	0.429490626834524	0.429490626834524	0.429490626834524	0.429490626834524
"FLTMAX(2)"	0.3	0.3	0.3	0.3	0.3	0.3	0.3	0.3	0.3	0.3	0.3	0.3	0.3	0.3	0.3	0.3	0.3	0.3	0.3	0.3	0.3	0.3	0.3	0.3	0.3	0.3	0.3	0.3	0.3	0.3	0.3	0.3
"FLTMAX(3)"	0.3	0.3	0.3	0.3	0.261429787123462	0.261429787123462	0.261429787123462	0.261429787123462	0.396933793065037	0.396933793065037	0.261429787123462	0.261429787123462	0.396933793065037	0.396933793065037	0.396933793065037	0.396933793065037	0.3	0.3	0.3	0.3	0.301793668435587	0.301793668435587	0.37169813376008	0.37169813376008	0.37169813376008	0.37169813376008	0.304800665867865	0.304800665867865	0.304800665867865	0.304800665867865	0.272100186618669	0.272100186618669
"FPT(1)"	0	0	0	0	0	0	0	0	0	0	0	0	0	0	0	0	0	0	0	0	0	0	0	0	0	0	0	0	0	0	0	0
"FPT(2)"	0.05	0.05	0.05	0.05	0.05	0.05	0.05	0.05	0.05	0.05	0.05	0.05	0.05	0.05	0.05	0.05	0.05	0.05	0.05	0.05	0.05	0.05	0.05	0.05	0.05	0.05	0.05	0.05	0.05	0.05	0.05	0.05
"FPT(3)"	0	0	0	0	0	0	0	0	0	0	0	0	0	0	0	0	0	0	0	0	0	0	0	0	0	0	0	0	0	0	0	0
"FST(1)"	0.550420847819284	0.550420847819284	0.550420847819284	0.550420847819284	0.4	0.4	0.4	0.4	0.4	0.4	0.550420847819284	0.550420847819284	0.550420847819284	0.550420847819284	0.550420847819284	0.550420847819284	0.4	0.4	0.4	0.4	0.4	0.4	0.4	0.4	0.4	0.4	0.419873873416903	0.419873873416903	0.419873873416903	0.419873873416903	0.419873873416903	0.419873873416903
"FST(2)"	0.4	0.4	0.4	0.4	0.4	0.4	0.4	0.4	0.4	0.4	0.4	0.4	0.4	0.4	0.4	0.4	0.4	0.4	0.4	0.4	0.4	0.4	0.4	0.4	0.4	0.4	0.4	0.4	0.4	0.4	0.4	0.4
"FST(3)"	0.4	0.4	0.4	0.4	0.27609625234166	0.27609625234166	0.27609625234166	0.27609625234166	0.367960710946511	0.367960710946511	0.27609625234166	0.27609625234166	0.367960710946511	0.367960710946511	0.367960710946511	0.367960710946511	0.4	0.4	0.4	0.4	0.37112334978551	0.37112334978551	0.39646163447483	0.39646163447483	0.39646163447483	0.39646163447483	0.382085706228682	0.382085706228682	0.382085706228682	0.382085706228682	0.506291475037982	0.506291475037982
"FTCLMINT(1)"	0.176863332444788	0.176863332444788	0.176863332444788	0.176863332444788	0.2	0.2	0.2	0.2	0.2	0.2	0.176863332444788	0.176863332444788	0.176863332444788	0.176863332444788	0.176863332444788	0.176863332444788	0.2	0.2	0.2	0.2	0.2	0.2	0.2	0.2	0.2	0.2	0.290064577181784	0.290064577181784	0.290064577181784	0.290064577181784	0.290064577181784	0.290064577181784
"FTCLMINT(2)"	0.2	0.2	0.2	0.2	0.2	0.2	0.2	0.2	0.2	0.2	0.2	0.2	0.2	0.2	0.2	0.2	0.2	0.2	0.2	0.2	0.2	0.2	0.2	0.2	0.2	0.2	0.2	0.2	0.2	0.2	0.2	0.2
"FTCLMINT(3)"	0.2	0.2	0.2	0.2	0.23358277353585	0.23358277353585	0.23358277353585	0.23358277353585	0.22927752091622	0.22927752091622	0.23358277353585	0.23358277353585	0.22927752091622	0.22927752091622	0.22927752091622	0.22927752091622	0.2	0.2	0.2	0.2	0.225486961080507	0.225486961080507	0.186599844839742	0.186599844839742	0.186599844839742	0.186599844839742	0.173781888155115	0.173781888155115	0.173781888155115	0.173781888155115	0.261718021701994	0.261718021701994
"FWT(1)"	0.829753211351073	0.829753211351073	0.829753211351073	0.829753211351073	0.7	0.7	0.7	0.7	0.7	0.7	0.829753211351073	0.829753211351073	0.829753211351073	0.829753211351073	0.829753211351073	0.829753211351073	0.7	0.7	0.7	0.7	0.7	0.7	0.7	0.7	0.7	0.7	0.650579225645738	0.650579225645738	0.650579225645738	0.650579225645738	0.650579225645738	0.650579225645738
"FWT(2)"	0.7	0.7	0.7	0.7	0.7	0.7	0.7	0.7	0.7	0.7	0.7	0.7	0.7	0.7	0.7	0.7	0.7	0.7	0.7	0.7	0.7	0.7	0.7	0.7	0.7	0.7	0.7	0.7	0.7	0.7	0.7	0.7
"FWT(3)"	0.7	0.7	0.7	0.7	0.537161682064807	0.537161682064807	0.537161682064807	0.537161682064807	0.761055160589628	0.761055160589628	0.537161682064807	0.537161682064807	0.761055160589628	0.761055160589628	0.761055160589628	0.761055160589628	0.7	0.7	0.7	0.7	0.612766544949109	0.612766544949109	0.806277430168056	0.806277430168056	0.806277430168056	0.806277430168056	0.614433526044742	0.614433526044742	0.614433526044742	0.614433526044742	0.584624939738992	0.584624939738992
"KAC(1)"	9.07557833259279	9.07557833259279	9.07557833259279	9.07557833259279	6	6	6	6	6	6	9.07557833259279	9.07557833259279	9.07557833259279	9.07557833259279	9.07557833259279	9.07557833259279	6	6	6	6	6	6	6	6	6	6	6.04050570917738	6.04050570917738	6.04050570917738	6.04050570917738	6.04050570917738	6.04050570917738
"KAC(2)"	6	6	6	6	6	6	6	6	6	6	6	6	6	6	6	6	6	6	6	6	6	6	6	6	6	6	6	6	6	6	6	6
"KAC(3)"	6	6	6	6	6.7225480302767	6.7225480302767	6.7225480302767	6.7225480302767	6.73903442770212	6.73903442770212	6.7225480302767	6.7225480302767	6.73903442770212	6.73903442770212	6.73903442770212	6.73903442770212	6	6	6	6	7.99109206139228	7.99109206139228	5.13547777657995	5.13547777657995	5.13547777657995	5.13547777657995	5.93010878738616	5.93010878738616	5.93010878738616	5.93010878738616	4.57421874218552	4.57421874218552
"KACEXP(1)"	0.601816708164562	0.601816708164562	0.601816708164562	0.601816708164562	0.6	0.6	0.6	0.6	0.6	0.6	0.601816708164562	0.601816708164562	0.601816708164562	0.601816708164562	0.601816708164562	0.601816708164562	0.6	0.6	0.6	0.6	0.6	0.6	0.6	0.6	0.6	0.6	0.532619902316331	0.532619902316331	0.532619902316331	0.532619902316331	0.532619902316331	0.532619902316331
"KACEXP(2)"	0.6	0.6	0.6	0.6	0.6	0.6	0.6	0.6	0.6	0.6	0.6	0.6	0.6	0.6	0.6	0.6	0.6	0.6	0.6	0.6	0.6	0.6	0.6	0.6	0.6	0.6	0.6	0.6	0.6	0.6	0.6	0.6
"KACEXP(3)"	0.6	0.6	0.6	0.6	0.720488014903421	0.720488014903421	0.720488014903421	0.720488014903421	0.789939959704615	0.789939959704615	0.720488014903421	0.720488014903421	0.789939959704615	0.789939959704615	0.789939959704615	0.789939959704615	0.6	0.6	0.6	0.6	0.619745860146979	0.619745860146979	0.619528524837881	0.619528524837881	0.619528524837881	0.619528524837881	0.690345520290127	0.690345520290127	0.690345520290127	0.690345520290127	0.632228964563326	0.632228964563326
"KH(1)"	3.65289064694774	3.65289064694774	3.65289064694774	3.65289064694774	4	4	4	4	4	4	3.65289064694774	3.65289064694774	3.65289064694774	3.65289064694774	3.65289064694774	3.65289064694774	4	4	4	4	4	4	4	4	4	4	5.20599383921795	5.20599383921795	5.20599383921795	5.20599383921795	5.20599383921795	5.20599383921795
"KH(2)"	4	4	4	4	4	4	4	4	4	4	4	4	4	4	4	4	4	4	4	4	4	4	4	4	4	4	4	4	4	4	4	4
"KH(3)"	4	4	4	4	3.75366657462676	3.75366657462676	3.75366657462676	3.75366657462676	2.97728814114599	2.97728814114599	3.75366657462676	3.75366657462676	2.97728814114599	2.97728814114599	2.97728814114599	2.97728814114599	4	4	4	4	4.4976672475207	4.4976672475207	4.42562398025317	4.42562398025317	4.42562398025317	4.42562398025317	4.74815751584016	4.74815751584016	4.74815751584016	4.74815751584016	4.0093896660901	4.0093896660901
"KHEXP(1)"	0.246596209752932	0.246596209752932	0.246596209752932	0.246596209752932	0.4	0.4	0.4	0.4	0.4	0.4	0.246596209752932	0.246596209752932	0.246596209752932	0.246596209752932	0.246596209752932	0.246596209752932	0.4	0.4	0.4	0.4	0.4	0.4	0.4	0.4	0.4	0.4	0.413759993602925	0.413759993602925	0.413759993602925	0.413759993602925	0.413759993602925	0.413759993602925
"KHEXP(2)"	0.4	0.4	0.4	0.4	0.4	0.4	0.4	0.4	0.4	0.4	0.4	0.4	0.4	0.4	0.4	0.4	0.4	0.4	0.4	0.4	0.4	0.4	0.4	0.4	0.4	0.4	0.4	0.4	0.4	0.4	0.4	0.4
"KHEXP(3)"	0.4	0.4	0.4	0.4	0.480969795703264	0.480969795703264	0.480969795703264	0.480969795703264	0.416273664242672	0.416273664242672	0.480969795703264	0.480969795703264	0.416273664242672	0.416273664242672	0.416273664242672	0.416273664242672	0.4	0.4	0.4	0.4	0.3335632748178	0.3335632748178	0.436092429001498	0.436092429001498	0.436092429001498	0.436092429001498	0.296269154647843	0.296269154647843	0.296269154647843	0.296269154647843	0.2890649207533	0.2890649207533
"KNFIX(1)"	0.05	0.05	0.05	0.05	0.05	0.05	0.05	0.05	0.05	0.05	0.05	0.05	0.05	0.05	0.05	0.05	0.05	0.05	0.05	0.05	0.05	0.05	0.05	0.05	0.05	0.05	0.05	0.05	0.05	0.05	0.05	0.05
"KNFIX(2)"	0	0	0	0	0	0	0	0	0	0	0	0	0	0	0	0	0	0	0	0	0	0	0	0	0	0	0	0	0	0	0	0
"KNFIX(3)"	0	0	0	0	0	0	0	0	0.05	0.05	0	0	0.05	0.05	0.05	0.05	0	0	0	0	0.05	0.05	0	0	0	0	0.05	0.05	0.05	0.05	0	0
"LAIMAXT(1)"	4.68767518439385	4.68767518439385	4.68767518439385	4.68767518439385	5	5	5	5	5	5	4.68767518439385	4.68767518439385	4.68767518439385	4.68767518439385	4.68767518439385	4.68767518439385	5	5	5	5	5	5	5	5	5	5	5.36135137133566	5.36135137133566	5.36135137133566	5.36135137133566	5.36135137133566	5.36135137133566
"LAIMAXT(2)"	5	5	5	5	5	5	5	5	5	5	5	5	5	5	5	5	5	5	5	5	5	5	5	5	5	5	5	5	5	5	5	5
"LAIMAXT(3)"	5	5	5	5	6.11130715811293	6.11130715811293	6.11130715811293	6.11130715811293	6.03795290415926	6.03795290415926	6.11130715811293	6.11130715811293	6.03795290415926	6.03795290415926	6.03795290415926	6.03795290415926	5	5	5	5	6.1893137308881	6.1893137308881	4.61977240423551	4.61977240423551	4.61977240423551	4.61977240423551	5.54628373518049	5.54628373518049	5.54628373518049	5.54628373518049	5.48631643252274	5.48631643252274
"LUEMAX(1)"	0.00106176433751406	0.00106176433751406	0.00106176433751406	0.00106176433751406	0.001	0.001	0.001	0.001	0.001	0.001	0.00106176433751406	0.00106176433751406	0.00106176433751406	0.00106176433751406	0.00106176433751406	0.00106176433751406	0.001	0.001	0.001	0.001	0.001	0.001	0.001	0.001	0.001	0.001	0.000888851867699951	0.000888851867699951	0.000888851867699951	0.000888851867699951	0.000888851867699951	0.000888851867699951
"LUEMAX(2)"	0.001	0.001	0.001	0.001	0.001	0.001	0.001	0.001	0.001	0.001	0.001	0.001	0.001	0.001	0.001	0.001	0.001	0.001	0.001	0.001	0.001	0.001	0.001	0.001	0.001	0.001	0.001	0.001	0.001	0.001	0.001	0.001
"LUEMAX(3)"	0.001	0.001	0.001	0.001	0.000798826807512575	0.000798826807512575	0.000798826807512575	0.000798826807512575	0.000784020657410156	0.000784020657410156	0.000798826807512575	0.000798826807512575	0.000784020657410156	0.000784020657410156	0.000784020657410156	0.000784020657410156	0.001	0.001	0.001	0.001	0.000965206953456209	0.000965206953456209	0.000889481910696939	0.000889481910696939	0.000889481910696939	0.000889481910696939	0.00121399323991535	0.00121399323991535	0.00121399323991535	0.00121399323991535	0.00168926407856175	0.00168926407856175
"NCLMAXT(1)"	0.127442595152812	0.127442595152812	0.127442595152812	0.127442595152812	0.1	0.1	0.1	0.1	0.1	0.1	0.127442595152812	0.127442595152812	0.127442595152812	0.127442595152812	0.127442595152812	0.127442595152812	0.1	0.1	0.1	0.1	0.1	0.1	0.1	0.1	0.1	0.1	0.0928254306538785	0.0928254306538785	0.0928254306538785	0.0928254306538785	0.0928254306538785	0.0928254306538785
"NCLMAXT(2)"	0.1	0.1	0.1	0.1	0.1	0.1	0.1	0.1	0.1	0.1	0.1	0.1	0.1	0.1	0.1	0.1	0.1	0.1	0.1	0.1	0.1	0.1	0.1	0.1	0.1	0.1	0.1	0.1	0.1	0.1	0.1	0.1
"NCLMAXT(3)"	0.1	0.1	0.1	0.1	0.107369253216728	0.107369253216728	0.107369253216728	0.107369253216728	0.104697950638852	0.104697950638852	0.107369253216728	0.107369253216728	0.104697950638852	0.104697950638852	0.104697950638852	0.104697950638852	0.1	0.1	0.1	0.1	0.111507827769214	0.111507827769214	0.0839701808277951	0.0839701808277951	0.0839701808277951	0.0839701808277951	0.108365150026181	0.108365150026181	0.108365150026181	0.108365150026181	0.0922911662034077	0.0922911662034077
"SLAT(1)"	28.0694143123283	28.0694143123283	28.0694143123283	28.0694143123283	30	30	30	30	30	30	28.0694143123283	28.0694143123283	28.0694143123283	28.0694143123283	28.0694143123283	28.0694143123283	30	30	30	30	30	30	30	30	30	30	37.396800782497	37.396800782497	37.396800782497	37.396800782497	37.396800782497	37.396800782497
"SLAT(2)"	30	30	30	30	30	30	30	30	30	30	30	30	30	30	30	30	30	30	30	30	30	30	30	30	30	30	30	30	30	30	30	30
"SLAT(3)"	30	30	30	30	18.0514088779398	18.0514088779398	18.0514088779398	18.0514088779398	20.8710477291312	20.8710477291312	18.0514088779398	18.0514088779398	20.8710477291312	20.8710477291312	20.8710477291312	20.8710477291312	30	30	30	30	27.9771094999279	27.9771094999279	34.3860812901033	34.3860812901033	34.3860812901033	34.3860812901033	22.6476046237516	22.6476046237516	22.6476046237516	22.6476046237516	24.568330368463	24.568330368463
"TBEFOREPT(1)"	1825	1825	1825	1825	1825	1825	1825	1825	1825	1825	1825	1825	1825	1825	1825	1825	1825	1825	1825	1825	1825	1825	1825	1825	1825	1825	1825	1825	1825	1825	1825	1825
"TBEFOREPT(2)"	1825	1825	1825	1825	1825	1825	1825	1825	1825	1825	1825	1825	1825	1825	1825	1825	1825	1825	1825	1825	1825	1825	1825	1825	1825	1825	1825	1825	1825	1825	1825	1825
"TBEFOREPT(3)"	1825	1825	1825	1825	1825	1825	1825	1825	1825	1825	1825	1825	1825	1825	1825	1825	1825	1825	1825	1825	1825	1825	1825	1825	1825	1825	1825	1825	1825	1825	1825	1825
"TCBT(1)"	2059.36244115989	2059.36244115989	2059.36244115989	2059.36244115989	1800	1800	1800	1800	1800	1800	2059.36244115989	2059.36244115989	2059.36244115989	2059.36244115989	2059.36244115989	2059.36244115989	1800	1800	1800	1800	1800	1800	1800	1800	1800	1800	1096.18249261861	1096.18249261861	1096.18249261861	1096.18249261861	1096.18249261861	1096.18249261861
"TCBT(2)"	1800	1800	1800	1800	1800	1800	1800	1800	1800	1800	1800	1800	1800	1800	1800	1800	1800	1800	1800	1800	1800	1800	1800	1800	1800	1800	1800	1800	1800	1800	1800	1800
"TCBT(3)"	1800	1800	1800	1800	2582.69183880552	2582.69183880552	2582.69183880552	2582.69183880552	1466.73929358917	1466.73929358917	2582.69183880552	2582.69183880552	1466.73929358917	1466.73929358917	1466.73929358917	1466.73929358917	1800	1800	1800	1800	2568.26102179772	2568.26102179772	1613.42045767488	1613.42045767488	1613.42045767488	1613.42045767488	1898.67763139711	1898.67763139711	1898.67763139711	1898.67763139711	2030.31514922477	2030.31514922477
"TCLMAXT(1)"	649.410469994911	649.410469994911	649.410469994911	649.410469994911	650	650	650	650	650	650	649.410469994911	649.410469994911	649.410469994911	649.410469994911	649.410469994911	649.410469994911	650	650	650	650	650	650	650	650	650	650	958.115732327835	958.115732327835	958.115732327835	958.115732327835	958.115732327835	958.115732327835
"TCLMAXT(2)"	650	650	650	650	650	650	650	650	650	650	650	650	650	650	650	650	650	650	650	650	650	650	650	650	650	650	650	650	650	650	650	650
"TCLMAXT(3)"	650	650	650	650	673.525932869534	673.525932869534	673.525932869534	673.525932869534	863.778554402478	863.778554402478	673.525932869534	673.525932869534	863.778554402478	863.778554402478	863.778554402478	863.778554402478	650	650	650	650	711.264961627798	711.264961627798	1039.37331350098	1039.37331350098	1039.37331350098	1039.37331350098	475.495394085733	475.495394085733	475.495394085733	475.495394085733	441.407224227166	441.407224227166
"TCRT(1)"	3983.42017222396	3983.42017222396	3983.42017222396	3983.42017222396	4500	4500	4500	4500	4500	4500	3983.42017222396	3983.42017222396	3983.42017222396	3983.42017222396	3983.42017222396	3983.42017222396	4500	4500	4500	4500	4500	4500	4500	4500	4500	4500	3365.07194692503	3365.07194692503	3365.07194692503	3365.07194692503	3365.07194692503	3365.07194692503
"TCRT(2)"	4500	4500	4500	4500	4500	4500	4500	4500	4500	4500	4500	4500	4500	4500	4500	4500	4500	4500	4500	4500	4500	4500	4500	4500	4500	4500	4500	4500	4500	4500	4500	4500
"TCRT(3)"	4500	4500	4500	4500	5245.06368132015	5245.06368132015	5245.06368132015	5245.06368132015	4027.05194361325	4027.05194361325	5245.06368132015	5245.06368132015	4027.05194361325	4027.05194361325	4027.05194361325	4027.05194361325	4500	4500	4500	4500	5084.11924197395	5084.11924197395	5066.06441104169	5066.06441104169	5066.06441104169	5066.06441104169	3550.66257257408	3550.66257257408	3550.66257257408	3550.66257257408	3329.46283090381	3329.46283090381
"TCST(1)"	99999	99999	99999	99999	99999	99999	99999	99999	99999	99999	99999	99999	99999	99999	99999	99999	99999	99999	99999	99999	99999	99999	99999	99999	99999	99999	99999	99999	99999	99999	99999	99999
"TCST(2)"	99999	99999	99999	99999	99999	99999	99999	99999	99999	99999	99999	99999	99999	99999	99999	99999	99999	99999	99999	99999	99999	99999	99999	99999	99999	99999	99999	99999	99999	99999	99999	99999
"TCST(3)"	99999	99999	99999	99999	99999	99999	99999	99999	99999	99999	99999	99999	99999	99999	99999	99999	99999	99999	99999	99999	99999	99999	99999	99999	99999	99999	99999	99999	99999	99999	99999	99999
"TOPTT(1)"	24.3783320410148	24.3783320410148	24.3783320410148	24.3783320410148	25	25	25	25	25	25	24.3783320410148	24.3783320410148	24.3783320410148	24.3783320410148	24.3783320410148	24.3783320410148	25	25	25	25	25	25	25	25	25	25	25.8936698392812	25.8936698392812	25.8936698392812	25.8936698392812	25.8936698392812	25.8936698392812
"TOPTT(2)"	25	25	25	25	25	25	25	25	25	25	25	25	25	25	25	25	25	25	25	25	25	25	25	25	25	25	25	25	25	25	25	25
"TOPTT(3)"	25	25	25	25	25.0325784899392	25.0325784899392	25.0325784899392	25.0325784899392	27.3929938734252	27.3929938734252	25.0325784899392	25.0325784899392	27.3929938734252	27.3929938734252	27.3929938734252	27.3929938734252	25	25	25	25	23.7047137834607	23.7047137834607	23.268215005319	23.268215005319	23.268215005319	23.268215005319	24.0763906786501	24.0763906786501	24.0763906786501	24.0763906786501	25.700007061013	25.700007061013
"TTOLT(1)"	8	8	8	8	8	8	8	8	8	8	8	8	8	8	8	8	8	8	8	8	8	8	8	8	8	8	8	8	8	8	8	8
"TTOLT(2)"	8	8	8	8	8	8	8	8	8	8	8	8	8	8	8	8	8	8	8	8	8	8	8	8	8	8	8	8	8	8	8	8
"TTOLT(3)"	8	8	8	8	8	8	8	8	8	8	8	8	8	8	8	8	8	8	8	8	8	8	8	8	8	8	8	8	8	8	8	8
"HMAX(1)"	99	99	99	99	99	99	99	99	99	99	99	99	99	99	99	99	99	99	99	99	99	99	99	99	99	99	8	8	8	8	8	8
"HMAX(2)"	99	99	99	99	99	99	99	99	99	99	99	99	99	99	99	99	99	99	99	99	99	99	99	99	99	99	99	99	99	99	99	99
"HMAX(3)"	99	99	99	99	99	99	99	99	99	99	99	99	99	99	99	99	99	99	99	99	99	99	99	99	99	99	99	99	99	99	99	99
"PRUNTARGET(1)"	0	0	0	0	0	0	0	0	0	0	0	0	0	0	0	0	0	0	0	0	0	0	0	0	0	0	0	0	0	0	0	0
"PRUNTARGET(2)"	0	0	0	0	0	0	0	0	0	0	0	0	0	0	0	0	0	0	0	0	0	0	0	0	0	0	0	0	0	0	0	0
"PRUNTARGET(3)"	0	0	0	0	0	0	0	0	0	0	0	0	0	0	0	0	0	0	0	0	0	0	0	0	0	0	0	0	0	0	0	0
"THINTARGET(1)"	0	0	0	0	0	0	0	0	0	0	0	0	0	0	0	0	0	0	0	0	0	0	0	0	0	0	0	0	0	0	0	0
"THINTARGET(2)"	0	0	0	0	0	0	0	0	0	0	0	0	0	0	0	0	0	0	0	0	0	0	0	0	0	0	0	0	0	0	0	0
"THINTARGET(3)"	0	0	0	0	0	0	0	0	0	0	0	0	0	0	0	0	0	0	0	0	0	0	0	0	0	0	0	0	0	0	0	0
"TREEDENS0(1)"	0.07	0.07	0.07	0.07	0	0	0	0	0	0	0.0325	0.0325	0.0325	0.0325	0.0325	0.0325	0	0	0	0	0	0	0	0	0	0	0.0333	0.0333	0.0333	0.0333	0.0333	0.0333
"TREEDENS0(2)"	0	0	0	0	0	0	0	0	0	0	0	0	0	0	0	0	0	0	0	0	0	0	0	0	0	0	0	0	0	0	0	0
"TREEDENS0(3)"	0	0	0	0	0.07	0.07	0.07	0.07	0.07	0.07	0.0325	0.0325	0.0325	0.0325	0.0325	0.0325	0	0	0	0	0.0666	0.0666	0.0666	0.0666	0.0666	0.0666	0.0333	0.0333	0.0333	0.0333	0.0333	0.0333
